GIORNO - Susceptible - Exposed - Infected - Recovered
   0         999          1         0          0     
   1         999          1         0          0     
   2         999          1         0          0     
   3         999          1         0          0     
   4         999          1         0          0     
   5         999          1         0          0     
   6         999          1         0          0     
   7         998          1         1          0     
   8         998          1         1          0     
   9         998          1         1          0     
   10         998          1         1          0     
   11         998          1         1          0     
   12         998          1         1          0     
   13         997          1         1          1     
   14         997          1         1          1     
   15         997          1         1          1     
   16         997          1         1          1     
   17         997          1         1          1     
   18         996          1         2          1     
   19         996          1         1          2     
   20         996          1         2          1     
   21         995          2         2          1     
   22         995          1         2          2     
   23         994          2         2          2     
   24         994          2         2          2     
   25         994          2         2          2     
   26         993          2         3          2     
   27         992          3         3          2     
   28         992          2         3          3     
   29         991          3         3          3     
   30         991          3         3          3     
   31         990          3         4          3     
   32         989          4         4          3     
   33         988          4         4          4     
   34         988          4         4          4     
   35         987          4         4          5     
   36         986          5         5          4     
   37         985          5         5          5     
   38         983          6         6          5     
   39         982          6         6          6     
   40         981          6         6          7     
   41         979          7         7          7     
   42         978          7         8          7     
   43         976          8         8          8     
   44         975          8         8          9     
   45         973          9         9          9     
   46         971          9         10          10     
   47         969          10         11          10     
   48         967          11         11          11     
   49         964          12         12          12     
   50         962          12         13          13     
   51         959          13         14          14     
   52         956          14         15          15     
   53         953          15         16          16     
   54         950          16         17          17     
   55         947          17         18          18     
   56         943          18         19          20     
   57         939          20         20          21     
   58         935          20         22          23     
   59         931          22         23          24     
   60         926          23         25          26     
   61         921          25         26          28     
   62         916          27         28          29     
   63         910          28         30          32     
   64         904          30         32          34     
   65         898          32         34          36     
   66         891          34         36          39     
   67         884          36         39          41     
   68         877          38         41          44     
   69         869          40         44          47     
   70         861          43         46          50     
   71         852          45         49          54     
   72         844          47         52          57     
   73         834          50         55          61     
   74         824          52         59          65     
   75         814          55         62          69     
   76         803          58         65          74     
   77         792          60         69          79     
   78         780          63         73          84     
   79         768          66         76          90     
   80         755          69         81          95     
   81         742          72         85          101     
   82         729          75         89          107     
   83         715          78         94          113     
   84         701          81         98          120     
   85         686          84         103          127     
   86         671          86         108          135     
   87         656          89         112          143     
   88         640          92         117          151     
   89         624          95         122          159     
   90         608          97         127          168     
   91         592          99         132          177     
   92         575          101         137          187     
   93         559          103         141          197     
   94         542          105         146          207     
   95         526          106         150          218     
   96         509          108         155          228     
   97         493          109         159          239     
   98         476          110         163          251     
   99         460          110         167          263     
   100         444          110         171          275     
   101         428          110         175          287     
   102         413          110         178          299     
   103         397          110         181          312     
   104         383          109         183          325     
   105         368          108         186          338     
   106         354          106         188          352     
   107         340          105         190          365     
   108         327          104         191          378     
   109         314          102         192          392     
   110         301          100         193          406     
   111         290          98         193          419     
   112         278          96         193          433     
   113         267          93         193          447     
   114         257          91         192          460     
   115         246          88         192          474     
   116         237          85         190          488     
   117         228          82         189          501     
   118         219          80         187          514     
   119         210          77         185          528     
   120         202          74         183          541     
   121         195          71         180          554     
   122         188          68         177          567     
   123         181          66         174          579     
   124         175          63         171          591     
   125         169          60         168          603     
   126         163          57         165          615     
   127         157          55         161          627     
   128         152          52         158          638     
   129         147          50         154          649     
   130         142          48         150          660     
   131         138          46         146          670     
   132         134          43         142          681     
   133         131          41         138          690     
   134         127          39         134          700     
   135         123          37         130          710     
   136         120          35         126          719     
   137         117          33         122          728     
   138         114          32         118          736     
   139         111          30         115          744     
   140         109          28         110          753     
   141         106          27         107          760     
   142         104          26         103          767     
   143         102          24         100          774     
   144         100          23         96          781     
   145         98          22         92          788     
   146         96          21         89          794     
   147         94          19         86          801     
   148         93          18         82          807     
   149         91          18         79          812     
   150         90          16         76          818     
   151         88          16         73          823     
   152         87          15         70          828     
   153         86          14         67          833     
   154         85          13         64          838     
   155         84          12         62          842     
   156         83          12         59          846     
   157         82          11         57          850     
   158         81          11         54          854     
   159         80          10         52          858     
   160         79          9         50          862     
   161         78          9         48          865     
   162         78          8         45          869     
   163         77          8         44          871     
   164         76          8         42          874     
   165         76          7         40          877     
   166         75          7         38          880     
   167         75          6         36          883     
   168         74          6         35          885     
   169         73          6         33          888     
   170         73          5         32          890     
   171         73          5         30          892     
   172         72          5         29          894     
   173         72          5         27          896     
   174         72          4         26          898     
   175         71          4         25          900     
   176         71          4         24          901     
   177         70          4         23          903     
   178         70          3         22          905     
   179         70          3         20          907     
   180         70          3         20          907     
   181         69          3         19          909     
   182         69          3         18          910     
   183         69          3         17          911     
   184         69          3         16          912     
   185         69          2         15          914     
   186         68          2         15          915     
   187         68          2         14          916     
   188         68          2         13          917     
   189         68          2         13          917     
   190         68          2         12          918     
   191         68          2         11          919     
   192         67          2         11          920     
   193         67          2         10          921     
   194         67          2         10          921     
   195         67          1         10          922     
   196         67          1         9          923     
   197         67          1         8          924     
   198         67          1         8          924     
   199         67          1         8          924     
   200         67          1         7          925     
   201         67          1         7          925     
   202         66          1         7          926     
   203         67          1         6          926     
   204         66          1         6          927     
   205         66          1         6          927     
   206         66          1         6          927     
   207         66          1         5          928     
   208         66          1         5          928     
   209         66          1         5          928     
   210         66          1         4          929     
   211         66          1         4          929     
   212         66          1         4          929     
   213         66          1         4          929     
   214         66          0         4          930     
   215         66          0         4          930     
   216         66          1         3          930     
   217         66          1         3          930     
   218         66          1         3          930     
   219         66          0         3          931     
   220         66          0         3          931     
   221         66          0         3          931     
   222         66          0         3          931     
   223         66          0         3          931     
   224         66          0         2          932     
   225         66          0         2          932     
   226         66          0         2          932     
   227         66          0         2          932     
   228         66          0         2          932     
   229         66          0         2          932     
   230         66          0         2          932     
   231         66          0         2          932     
   232         66          0         2          932     
   233         66          0         2          932     
   234         66          0         2          932     
   235         66          0         1          933     
   236         66          0         1          933     
   237         66          0         1          933     
   238         66          0         1          933     
   239         66          0         1          933     
   240         66          0         1          933     
   241         66          0         1          933     
   242         66          0         1          933     
   243         66          0         1          933     
   244         66          0         1          933     
   245         66          0         1          933     
   246         66          0         1          933     
   247         66          0         1          933     
   248         66          0         1          933     
   249         66          0         1          933     
   250         66          0         1          933     
   251         66          0         1          933     
   252         66          0         1          933     
   253         67          0         0          933     
   254         67          0         0          933     
   255         67          0         0          933     
   256         67          0         0          933     
   257         67          0         0          933     
   258         67          0         0          933     
   259         67          0         0          933     
   260         67          0         0          933     
   261         67          0         0          933     
   262         67          0         0          933     
   263         67          0         0          933     
   264         67          0         0          933     
   265         67          0         0          933     
   266         67          0         0          933     
   267         67          0         0          933     
   268         67          0         0          933     
   269         67          0         0          933     
   270         67          0         0          933     
   271         67          0         0          933     
   272         67          0         0          933     
   273         67          0         0          933     
   274         67          0         0          933     
   275         67          0         0          933     
   276         67          0         0          933     
   277         67          0         0          933     
   278         67          0         0          933     
   279         67          0         0          933     
   280         67          0         0          933     
   281         67          0         0          933     
   282         67          0         0          933     
   283         67          0         0          933     
   284         68          0         0          932     
   285         68          0         0          932     
   286         68          0         0          932     
   287         68          0         0          932     
   288         68          0         0          932     
   289         68          0         0          932     
   290         68          0         0          932     
   291         68          0         0          932     
   292         68          0         0          932     
   293         68          0         0          932     
   294         68          0         0          932     
   295         68          0         0          932     
   296         68          0         0          932     
   297         68          0         0          932     
   298         68          0         0          932     
   299         68          0         0          932     
   300         68          0         0          932     
   301         68          0         0          932     
   302         68          0         0          932     
   303         68          0         0          932     
   304         68          0         0          932     
   305         68          0         0          932     
   306         68          0         0          932     
   307         68          0         0          932     
   308         68          0         0          932     
   309         68          0         0          932     
   310         68          0         0          932     
   311         68          0         0          932     
   312         68          0         0          932     
   313         68          0         0          932     
   314         68          0         0          932     
   315         68          0         0          932     
   316         69          0         0          931     
   317         69          0         0          931     
   318         69          0         0          931     
   319         69          0         0          931     
   320         69          0         0          931     
   321         69          0         0          931     
   322         69          0         0          931     
   323         69          0         0          931     
   324         69          0         0          931     
   325         69          0         0          931     
   326         69          0         0          931     
   327         69          0         0          931     
   328         69          0         0          931     
   329         69          0         0          931     
   330         69          0         0          931     
   331         69          0         0          931     
   332         69          0         0          931     
   333         69          0         0          931     
   334         69          0         0          931     
   335         69          0         0          931     
   336         69          0         0          931     
   337         69          0         0          931     
   338         69          0         0          931     
   339         69          0         0          931     
   340         69          0         0          931     
   341         69          0         0          931     
   342         69          0         0          931     
   343         69          0         0          931     
   344         69          0         0          931     
   345         69          0         0          931     
   346         70          0         0          930     
   347         70          0         0          930     
   348         70          0         0          930     
   349         70          0         0          930     
   350         70          0         0          930     
   351         70          0         0          930     
   352         70          0         0          930     
   353         70          0         0          930     
   354         70          0         0          930     
   355         70          0         0          930     
   356         70          0         0          930     
   357         70          0         0          930     
   358         70          0         0          930     
   359         70          0         0          930     
   360         70          0         0          930     
   361         70          0         0          930     
   362         70          0         0          930     
   363         70          0         0          930     
   364         70          0         0          930     
   365         70          0         0          930     
   366         70          0         0          930     
   367         70          0         0          930     
   368         70          0         0          930     
   369         70          0         0          930     
   370         70          0         0          930     
   371         70          0         0          930     
   372         70          0         0          930     
   373         70          0         0          930     
   374         70          0         0          930     
   375         70          0         0          930     
   376         71          0         0          929     
   377         71          0         0          929     
   378         71          0         0          929     
   379         71          0         0          929     
   380         71          0         0          929     
   381         71          0         0          929     
   382         71          0         0          929     
   383         71          0         0          929     
   384         71          0         0          929     
   385         71          0         0          929     
   386         71          0         0          929     
   387         71          0         0          929     
   388         71          0         0          929     
   389         71          0         0          929     
   390         71          0         0          929     
   391         71          0         0          929     
   392         71          0         0          929     
   393         71          0         0          929     
   394         71          0         0          929     
   395         71          0         0          929     
   396         71          0         0          929     
   397         71          0         0          929     
   398         71          0         0          929     
   399         71          0         0          929     
   400         71          0         0          929     
   401         71          0         0          929     
   402         71          0         0          929     
   403         71          0         0          929     
   404         71          0         0          929     
   405         71          0         0          929     
   406         72          0         0          928     
   407         72          0         0          928     
   408         72          0         0          928     
   409         72          0         0          928     
   410         72          0         0          928     
   411         72          0         0          928     
   412         72          0         0          928     
   413         72          0         0          928     
   414         72          0         0          928     
   415         72          0         0          928     
   416         72          0         0          928     
   417         72          0         0          928     
   418         72          0         0          928     
   419         72          0         0          928     
   420         72          0         0          928     
   421         72          0         0          928     
   422         72          0         0          928     
   423         72          0         0          928     
   424         72          0         0          928     
   425         72          0         0          928     
   426         72          0         0          928     
   427         72          0         0          928     
   428         72          0         0          928     
   429         72          0         0          928     
   430         72          0         0          928     
   431         72          0         0          928     
   432         72          0         0          928     
   433         72          0         0          928     
   434         72          0         0          928     
   435         72          0         0          928     
   436         73          0         0          927     
   437         73          0         0          927     
   438         73          0         0          927     
   439         73          0         0          927     
   440         73          0         0          927     
   441         73          0         0          927     
   442         73          0         0          927     
   443         73          0         0          927     
   444         73          0         0          927     
   445         73          0         0          927     
   446         73          0         0          927     
   447         73          0         0          927     
   448         73          0         0          927     
   449         73          0         0          927     
   450         73          0         0          927     
   451         73          0         0          927     
   452         73          0         0          927     
   453         73          0         0          927     
   454         73          0         0          927     
   455         73          0         0          927     
   456         73          0         0          927     
   457         73          0         0          927     
   458         73          0         0          927     
   459         73          0         0          927     
   460         73          0         0          927     
   461         73          0         0          927     
   462         73          0         0          927     
   463         73          0         0          927     
   464         73          0         0          927     
   465         73          0         0          927     
   466         74          0         0          926     
   467         74          0         0          926     
   468         74          0         0          926     
   469         74          0         0          926     
   470         74          0         0          926     
   471         74          0         0          926     
   472         74          0         0          926     
   473         74          0         0          926     
   474         74          0         0          926     
   475         74          0         0          926     
   476         74          0         0          926     
   477         74          0         0          926     
   478         74          0         0          926     
   479         74          0         0          926     
   480         74          0         0          926     
   481         74          0         0          926     
   482         74          0         0          926     
   483         74          0         0          926     
   484         74          0         0          926     
   485         74          0         0          926     
   486         74          0         0          926     
   487         74          0         0          926     
   488         74          0         0          926     
   489         74          0         0          926     
   490         74          0         0          926     
   491         74          0         0          926     
   492         74          0         0          926     
   493         74          0         0          926     
   494         74          0         0          926     
   495         74          0         0          926     
   496         75          0         0          925     
   497         75          0         0          925     
   498         75          0         0          925     
   499         75          0         0          925     
   500         75          0         0          925     
   501         75          0         0          925     
   502         75          0         0          925     
   503         75          0         0          925     
   504         75          0         0          925     
   505         75          0         0          925     
   506         75          0         0          925     
   507         75          0         0          925     
   508         75          0         0          925     
   509         75          0         0          925     
   510         75          0         0          925     
   511         75          0         0          925     
   512         75          0         0          925     
   513         75          0         0          925     
   514         75          0         0          925     
   515         75          0         0          925     
   516         75          0         0          925     
   517         75          0         0          925     
   518         75          0         0          925     
   519         75          0         0          925     
   520         75          0         0          925     
   521         75          0         0          925     
   522         75          0         0          925     
   523         75          0         0          925     
   524         75          0         0          925     
   525         75          0         0          925     
   526         76          0         0          924     
   527         76          0         0          924     
   528         76          0         0          924     
   529         76          0         0          924     
   530         76          0         0          924     
   531         76          0         0          924     
   532         76          0         0          924     
   533         76          0         0          924     
   534         76          0         0          924     
   535         76          0         0          924     
   536         76          0         0          924     
   537         76          0         0          924     
   538         76          0         0          924     
   539         76          0         0          924     
   540         76          0         0          924     
   541         76          0         0          924     
   542         76          0         0          924     
   543         76          0         0          924     
   544         76          0         0          924     
   545         76          0         0          924     
   546         76          0         0          924     
   547         76          0         0          924     
   548         76          0         0          924     
   549         76          0         0          924     
   550         76          0         0          924     
   551         76          0         0          924     
   552         76          0         0          924     
   553         76          0         0          924     
   554         76          0         0          924     
   555         76          0         0          924     
   556         77          0         0          923     
   557         77          0         0          923     
   558         77          0         0          923     
   559         77          0         0          923     
   560         77          0         0          923     
   561         77          0         0          923     
   562         77          0         0          923     
   563         77          0         0          923     
   564         77          0         0          923     
   565         77          0         0          923     
   566         77          0         0          923     
   567         77          0         0          923     
   568         77          0         0          923     
   569         77          0         0          923     
   570         77          0         0          923     
   571         77          0         0          923     
   572         77          0         0          923     
   573         77          0         0          923     
   574         77          0         0          923     
   575         77          0         0          923     
   576         77          0         0          923     
   577         77          0         0          923     
   578         77          0         0          923     
   579         77          0         0          923     
   580         77          0         0          923     
   581         77          0         0          923     
   582         77          0         0          923     
   583         77          0         0          923     
   584         77          0         0          923     
   585         77          0         0          923     
   586         78          0         0          922     
   587         78          0         0          922     
   588         78          0         0          922     
   589         78          0         0          922     
   590         78          0         0          922     
   591         78          0         0          922     
   592         78          0         0          922     
   593         78          0         0          922     
   594         78          0         0          922     
   595         78          0         0          922     
   596         78          0         0          922     
   597         78          0         0          922     
   598         78          0         0          922     
   599         78          0         0          922     
   600         78          0         0          922     
   601         78          0         0          922     
   602         78          0         0          922     
   603         78          0         0          922     
   604         78          0         0          922     
   605         78          0         0          922     
   606         78          0         0          922     
   607         78          0         0          922     
   608         78          0         0          922     
   609         78          0         0          922     
   610         78          0         0          922     
   611         78          0         0          922     
   612         78          0         0          922     
   613         78          0         0          922     
   614         78          0         0          922     
   615         78          0         0          922     
   616         79          0         0          921     
   617         79          0         0          921     
   618         79          0         0          921     
   619         79          0         0          921     
   620         79          0         0          921     
   621         79          0         0          921     
   622         79          0         0          921     
   623         79          0         0          921     
   624         79          0         0          921     
   625         79          0         0          921     
   626         79          0         0          921     
   627         79          0         0          921     
   628         79          0         0          921     
   629         79          0         0          921     
   630         79          0         0          921     
   631         79          0         0          921     
   632         79          0         0          921     
   633         79          0         0          921     
   634         79          0         0          921     
   635         79          0         0          921     
   636         79          0         0          921     
   637         79          0         0          921     
   638         79          0         0          921     
   639         79          0         0          921     
   640         79          0         0          921     
   641         79          0         0          921     
   642         79          0         0          921     
   643         79          0         0          921     
   644         79          0         0          921     
   645         79          0         0          921     
   646         80          0         0          920     
   647         80          0         0          920     
   648         80          0         0          920     
   649         80          0         0          920     
   650         80          0         0          920     
   651         80          0         0          920     
   652         80          0         0          920     
   653         80          0         0          920     
   654         80          0         0          920     
   655         80          0         0          920     
   656         80          0         0          920     
   657         80          0         0          920     
   658         80          0         0          920     
   659         80          0         0          920     
   660         80          0         0          920     
   661         80          0         0          920     
   662         80          0         0          920     
   663         80          0         0          920     
   664         80          0         0          920     
   665         80          0         0          920     
   666         80          0         0          920     
   667         80          0         0          920     
   668         80          0         0          920     
   669         80          0         0          920     
   670         80          0         0          920     
   671         80          0         0          920     
   672         80          0         0          920     
   673         80          0         0          920     
   674         80          0         0          920     
   675         80          0         0          920     
   676         80          0         0          920     
   677         81          0         0          919     
   678         81          0         0          919     
   679         81          0         0          919     
   680         81          0         0          919     
   681         81          0         0          919     
   682         81          0         0          919     
   683         81          0         0          919     
   684         81          0         0          919     
   685         81          0         0          919     
   686         81          0         0          919     
   687         81          0         0          919     
   688         81          0         0          919     
   689         81          0         0          919     
   690         81          0         0          919     
   691         81          0         0          919     
   692         81          0         0          919     
   693         81          0         0          919     
   694         81          0         0          919     
   695         81          0         0          919     
   696         81          0         0          919     
   697         81          0         0          919     
   698         81          0         0          919     
   699         81          0         0          919     
   700         81          0         0          919     
   701         81          0         0          919     
   702         81          0         0          919     
   703         81          0         0          919     
   704         81          0         0          919     
   705         81          0         0          919     
   706         81          0         0          919     
   707         82          0         0          918     
   708         82          0         0          918     
   709         82          0         0          918     
   710         82          0         0          918     
   711         82          0         0          918     
   712         82          0         0          918     
   713         82          0         0          918     
   714         82          0         0          918     
   715         82          0         0          918     
   716         82          0         0          918     
   717         82          0         0          918     
   718         82          0         0          918     
   719         82          0         0          918     
   720         82          0         0          918     
   721         82          0         0          918     
   722         82          0         0          918     
   723         82          0         0          918     
   724         82          0         0          918     
   725         82          0         0          918     
   726         82          0         0          918     
   727         82          0         0          918     
   728         82          0         0          918     
   729         82          0         0          918     
   730         82          0         0          918     
   731         82          0         0          918     
   732         82          0         0          918     
   733         82          0         0          918     
   734         82          0         0          918     
   735         82          0         0          918     
   736         82          0         0          918     
   737         83          0         0          917     
   738         83          0         0          917     
   739         83          0         0          917     
   740         83          0         0          917     
   741         83          0         0          917     
   742         83          0         0          917     
   743         83          0         0          917     
   744         83          0         0          917     
   745         83          0         0          917     
   746         83          0         0          917     
   747         83          0         0          917     
   748         83          0         0          917     
   749         83          0         0          917     
   750         83          0         0          917     
   751         83          0         0          917     
   752         83          0         0          917     
   753         83          0         0          917     
   754         83          0         0          917     
   755         83          0         0          917     
   756         83          0         0          917     
   757         83          0         0          917     
   758         83          0         0          917     
   759         83          0         0          917     
   760         83          0         0          917     
   761         83          0         0          917     
   762         83          0         0          917     
   763         83          0         0          917     
   764         83          0         0          917     
   765         83          0         0          917     
   766         83          0         0          917     
   767         84          0         0          916     
   768         84          0         0          916     
   769         84          0         0          916     
   770         84          0         0          916     
   771         84          0         0          916     
   772         84          0         0          916     
   773         84          0         0          916     
   774         84          0         0          916     
   775         84          0         0          916     
   776         84          0         0          916     
   777         84          0         0          916     
   778         84          0         0          916     
   779         84          0         0          916     
   780         84          0         0          916     
   781         84          0         0          916     
   782         84          0         0          916     
   783         84          0         0          916     
   784         84          0         0          916     
   785         84          0         0          916     
   786         84          0         0          916     
   787         84          0         0          916     
   788         84          0         0          916     
   789         84          0         0          916     
   790         84          0         0          916     
   791         84          0         0          916     
   792         84          0         0          916     
   793         84          0         0          916     
   794         84          0         0          916     
   795         84          0         0          916     
   796         84          0         0          916     
   797         84          0         0          916     
   798         85          0         0          915     
   799         85          0         0          915     
   800         85          0         0          915     
   801         85          0         0          915     
   802         85          0         0          915     
   803         85          0         0          915     
   804         85          0         0          915     
   805         85          0         0          915     
   806         85          0         0          915     
   807         85          0         0          915     
   808         85          0         0          915     
   809         85          0         0          915     
   810         85          0         0          915     
   811         85          0         0          915     
   812         85          0         0          915     
   813         85          0         0          915     
   814         85          0         0          915     
   815         85          0         0          915     
   816         85          0         0          915     
   817         85          0         0          915     
   818         85          0         0          915     
   819         85          0         0          915     
   820         85          0         0          915     
   821         85          0         0          915     
   822         85          0         0          915     
   823         85          0         0          915     
   824         85          0         0          915     
   825         85          0         0          915     
   826         85          0         0          915     
   827         85          0         0          915     
   828         86          0         0          914     
   829         86          0         0          914     
   830         86          0         0          914     
   831         86          0         0          914     
   832         86          0         0          914     
   833         86          0         0          914     
   834         86          0         0          914     
   835         86          0         0          914     
   836         86          0         0          914     
   837         86          0         0          914     
   838         86          0         0          914     
   839         86          0         0          914     
   840         86          0         0          914     
   841         86          0         0          914     
   842         86          0         0          914     
   843         86          0         0          914     
   844         86          0         0          914     
   845         86          0         0          914     
   846         86          0         0          914     
   847         86          0         0          914     
   848         86          0         0          914     
   849         86          0         0          914     
   850         86          0         0          914     
   851         86          0         0          914     
   852         86          0         0          914     
   853         86          0         0          914     
   854         86          0         0          914     
   855         86          0         0          914     
   856         86          0         0          914     
   857         86          0         0          914     
   858         87          0         0          913     
   859         87          0         0          913     
   860         87          0         0          913     
   861         87          0         0          913     
   862         87          0         0          913     
   863         87          0         0          913     
   864         87          0         0          913     
   865         87          0         0          913     
   866         87          0         0          913     
   867         87          0         0          913     
   868         87          0         0          913     
   869         87          0         0          913     
   870         87          0         0          913     
   871         87          0         0          913     
   872         87          0         0          913     
   873         87          0         0          913     
   874         87          0         0          913     
   875         87          0         0          913     
   876         87          0         0          913     
   877         87          0         0          913     
   878         87          0         0          913     
   879         87          0         0          913     
   880         87          0         0          913     
   881         87          0         0          913     
   882         87          0         0          913     
   883         87          0         0          913     
   884         87          0         0          913     
   885         87          0         0          913     
   886         87          0         0          913     
   887         87          0         0          913     
   888         87          0         0          913     
   889         88          0         0          912     
   890         88          0         0          912     
   891         88          0         0          912     
   892         88          0         0          912     
   893         88          0         0          912     
   894         88          0         0          912     
   895         88          0         0          912     
   896         88          0         0          912     
   897         88          0         0          912     
   898         88          0         0          912     
   899         88          0         0          912     
   900         88          0         0          912     
   901         88          0         0          912     
   902         88          0         0          912     
   903         88          0         0          912     
   904         88          0         0          912     
   905         88          0         0          912     
   906         88          0         0          912     
   907         88          0         0          912     
   908         88          0         0          912     
   909         88          0         0          912     
   910         88          0         0          912     
   911         88          0         0          912     
   912         88          0         0          912     
   913         88          0         0          912     
   914         88          0         0          912     
   915         88          0         0          912     
   916         88          0         0          912     
   917         88          0         0          912     
   918         88          0         0          912     
   919         89          0         0          911     
   920         89          0         0          911     
   921         89          0         0          911     
   922         89          0         0          911     
   923         89          0         0          911     
   924         89          0         0          911     
   925         89          0         0          911     
   926         89          0         0          911     
   927         89          0         0          911     
   928         89          0         0          911     
   929         89          0         0          911     
   930         89          0         0          911     
   931         89          0         0          911     
   932         89          0         0          911     
   933         89          0         0          911     
   934         89          0         0          911     
   935         89          0         0          911     
   936         89          0         0          911     
   937         89          0         0          911     
   938         89          0         0          911     
   939         89          0         0          911     
   940         89          0         0          911     
   941         89          0         0          911     
   942         89          0         0          911     
   943         89          0         0          911     
   944         89          0         0          911     
   945         89          0         0          911     
   946         89          0         0          911     
   947         89          0         0          911     
   948         89          0         0          911     
   949         89          0         0          911     
   950         90          0         0          910     
   951         90          0         0          910     
   952         90          0         0          910     
   953         90          0         0          910     
   954         90          0         0          910     
   955         90          0         0          910     
   956         90          0         0          910     
   957         90          0         0          910     
   958         90          0         0          910     
   959         90          0         0          910     
   960         90          0         0          910     
   961         90          0         0          910     
   962         90          0         0          910     
   963         90          0         0          910     
   964         90          0         0          910     
   965         90          0         0          910     
   966         90          0         0          910     
   967         90          0         0          910     
   968         90          0         0          910     
   969         90          0         0          910     
   970         90          0         0          910     
   971         90          0         0          910     
   972         90          0         0          910     
   973         90          0         0          910     
   974         90          0         0          910     
   975         90          0         0          910     
   976         90          0         0          910     
   977         90          0         0          910     
   978         90          0         0          910     
   979         90          0         0          910     
   980         91          0         0          909     
   981         91          0         0          909     
   982         91          0         0          909     
   983         91          0         0          909     
   984         91          0         0          909     
   985         91          0         0          909     
   986         91          0         0          909     
   987         91          0         0          909     
   988         91          0         0          909     
   989         91          0         0          909     
   990         91          0         0          909     
   991         91          0         0          909     
   992         91          0         0          909     
   993         91          0         0          909     
   994         91          0         0          909     
   995         91          0         0          909     
   996         91          0         0          909     
   997         91          0         0          909     
   998         91          0         0          909     
   999         91          0         0          909     
