GIORNO - Susceptible - Exposed - Infected - Recovered
   0         999          1         0          0     
   1         999          1         0          0     
   2         999          1         0          0     
   3         999          1         0          0     
   4         999          1         0          0     
   5         999          1         0          0     
   6         999          1         0          0     
   7         998          1         1          0     
   8         998          1         1          0     
   9         998          1         1          0     
   10         998          1         1          0     
   11         998          1         1          0     
   12         998          1         1          0     
   13         998          1         1          0     
   14         997          1         1          1     
   15         997          1         1          1     
   16         997          1         1          1     
   17         997          1         1          1     
   18         997          1         1          1     
   19         996          1         2          1     
   20         996          1         1          2     
   21         995          2         2          1     
   22         995          2         2          1     
   23         995          2         2          1     
   24         994          2         2          2     
   25         994          2         2          2     
   26         994          2         2          2     
   27         993          2         3          2     
   28         992          3         3          2     
   29         992          2         3          3     
   30         991          3         3          3     
   31         991          3         3          3     
   32         990          3         4          3     
   33         989          4         4          3     
   34         988          4         4          4     
   35         988          4         4          4     
   36         987          4         4          5     
   37         986          4         5          5     
   38         985          5         5          5     
   39         984          5         5          6     
   40         983          6         6          5     
   41         982          6         6          6     
   42         980          7         7          6     
   43         979          7         7          7     
   44         977          8         8          7     
   45         976          8         8          8     
   46         974          8         9          9     
   47         972          9         10          9     
   48         970          10         10          10     
   49         968          10         11          11     
   50         966          11         12          11     
   51         964          12         12          12     
   52         961          13         13          13     
   53         959          13         14          14     
   54         956          14         15          15     
   55         953          15         16          16     
   56         950          16         17          17     
   57         946          17         18          19     
   58         943          18         19          20     
   59         939          20         20          21     
   60         935          21         22          22     
   61         931          22         23          24     
   62         926          23         25          26     
   63         921          25         26          28     
   64         916          27         28          29     
   65         911          28         30          31     
   66         905          30         32          33     
   67         899          31         34          36     
   68         892          34         36          38     
   69         886          35         38          41     
   70         878          38         41          43     
   71         871          40         43          46     
   72         863          42         46          49     
   73         855          44         48          53     
   74         846          47         51          56     
   75         837          49         54          60     
   76         828          51         57          64     
   77         817          54         61          68     
   78         807          57         64          72     
   79         796          60         68          76     
   80         785          62         71          82     
   81         773          65         75          87     
   82         761          68         79          92     
   83         749          71         83          97     
   84         735          74         88          103     
   85         722          77         92          109     
   86         708          80         96          116     
   87         693          83         101          123     
   88         679          86         105          130     
   89         664          88         110          138     
   90         649          91         115          145     
   91         633          93         120          154     
   92         617          96         124          163     
   93         601          99         129          171     
   94         584          101         135          180     
   95         568          103         139          190     
   96         551          105         144          200     
   97         535          106         149          210     
   98         518          108         154          220     
   99         501          109         158          232     
   100         485          110         162          243     
   101         468          111         167          254     
   102         452          111         171          266     
   103         436          112         174          278     
   104         420          112         178          290     
   105         404          112         181          303     
   106         389          111         184          316     
   107         374          110         187          329     
   108         359          109         190          342     
   109         344          108         192          356     
   110         331          106         194          369     
   111         317          105         195          383     
   112         304          103         196          397     
   113         292          100         196          412     
   114         280          98         197          425     
   115         268          96         197          439     
   116         257          93         197          453     
   117         247          90         196          467     
   118         236          88         195          481     
   119         227          85         193          495     
   120         218          82         192          508     
   121         209          79         190          522     
   122         201          76         188          535     
   123         193          73         185          549     
   124         185          70         183          562     
   125         178          67         180          575     
   126         172          64         176          588     
   127         165          62         173          600     
   128         159          59         169          613     
   129         153          56         166          625     
   130         148          53         162          637     
   131         143          51         158          648     
   132         139          48         154          659     
   133         134          46         150          670     
   134         130          43         146          681     
   135         126          41         141          692     
   136         122          39         138          701     
   137         119          37         133          711     
   138         116          35         129          720     
   139         112          33         125          730     
   140         109          31         121          739     
   141         106          30         117          747     
   142         104          28         113          755     
   143         102          26         109          763     
   144         99          25         105          771     
   145         97          24         101          778     
   146         95          22         97          786     
   147         93          21         94          792     
   148         91          20         90          799     
   149         90          19         86          805     
   150         88          18         83          811     
   151         87          17         79          817     
   152         85          16         76          823     
   153         84          15         73          828     
   154         83          14         70          833     
   155         82          13         67          838     
   156         80          13         64          843     
   157         79          12         61          848     
   158         78          11         59          852     
   159         77          11         56          856     
   160         76          10         54          860     
   161         76          9         51          864     
   162         75          8         49          868     
   163         74          8         47          871     
   164         73          8         45          874     
   165         73          7         42          878     
   166         72          7         41          880     
   167         72          6         38          884     
   168         71          6         37          886     
   169         71          6         35          888     
   170         70          6         33          891     
   171         70          5         32          893     
   172         69          5         30          896     
   173         69          5         29          897     
   174         68          4         28          900     
   175         68          4         26          902     
   176         68          4         25          903     
   177         67          4         24          905     
   178         67          3         23          907     
   179         67          3         21          909     
   180         67          3         20          910     
   181         66          3         20          911     
   182         66          3         18          913     
   183         66          3         17          914     
   184         66          2         17          915     
   185         65          3         16          916     
   186         65          2         15          918     
   187         65          2         14          919     
   188         65          2         14          919     
   189         65          2         13          920     
   190         65          2         12          921     
   191         64          2         12          922     
   192         64          2         11          923     
   193         64          1         11          924     
   194         64          2         10          924     
   195         64          1         10          925     
   196         64          1         9          926     
   197         64          1         9          926     
   198         64          1         8          927     
   199         64          1         8          927     
   200         64          1         7          928     
   201         64          1         7          928     
   202         63          1         7          929     
   203         64          1         6          929     
   204         63          1         6          930     
   205         63          1         6          930     
   206         63          1         5          931     
   207         63          1         5          931     
   208         63          1         5          931     
   209         63          1         5          931     
   210         63          1         4          932     
   211         63          1         4          932     
   212         63          1         4          932     
   213         63          0         4          933     
   214         63          0         4          933     
   215         63          1         3          933     
   216         63          1         3          933     
   217         63          0         3          934     
   218         63          0         3          934     
   219         63          0         3          934     
   220         63          0         3          934     
   221         63          0         3          934     
   222         63          0         3          934     
   223         63          0         2          935     
   224         63          0         2          935     
   225         63          0         2          935     
   226         63          0         2          935     
   227         63          0         2          935     
   228         63          0         2          935     
   229         63          0         2          935     
   230         63          0         2          935     
   231         63          0         2          935     
   232         63          0         2          935     
   233         63          0         1          936     
   234         63          0         1          936     
   235         63          0         1          936     
   236         63          0         1          936     
   237         63          0         1          936     
   238         63          0         1          936     
   239         63          0         1          936     
   240         63          0         1          936     
   241         63          0         1          936     
   242         63          0         1          936     
   243         63          0         1          936     
   244         63          0         1          936     
   245         63          0         1          936     
   246         63          0         1          936     
   247         63          0         1          936     
   248         63          0         1          936     
   249         63          0         1          936     
   250         63          0         1          936     
   251         63          0         1          936     
   252         64          0         0          936     
   253         64          0         0          936     
   254         64          0         0          936     
   255         64          0         0          936     
   256         64          0         0          936     
   257         64          0         0          936     
   258         64          0         0          936     
   259         64          0         0          936     
   260         64          0         0          936     
   261         64          0         0          936     
   262         64          0         0          936     
   263         64          0         0          936     
   264         64          0         0          936     
   265         64          0         0          936     
   266         64          0         0          936     
   267         64          0         0          936     
   268         64          0         0          936     
   269         64          0         0          936     
   270         64          0         0          936     
   271         64          0         0          936     
   272         64          0         0          936     
   273         64          0         0          936     
   274         64          0         0          936     
   275         64          0         0          936     
   276         64          0         0          936     
   277         64          0         0          936     
   278         64          0         0          936     
   279         64          0         0          936     
   280         64          0         0          936     
   281         64          0         0          936     
   282         64          0         0          936     
   283         65          0         0          935     
   284         65          0         0          935     
   285         65          0         0          935     
   286         65          0         0          935     
   287         65          0         0          935     
   288         65          0         0          935     
   289         65          0         0          935     
   290         65          0         0          935     
   291         65          0         0          935     
   292         65          0         0          935     
   293         65          0         0          935     
   294         65          0         0          935     
   295         65          0         0          935     
   296         65          0         0          935     
   297         65          0         0          935     
   298         65          0         0          935     
   299         65          0         0          935     
   300         65          0         0          935     
   301         65          0         0          935     
   302         65          0         0          935     
   303         65          0         0          935     
   304         65          0         0          935     
   305         65          0         0          935     
   306         65          0         0          935     
   307         65          0         0          935     
   308         65          0         0          935     
   309         65          0         0          935     
   310         65          0         0          935     
   311         65          0         0          935     
   312         65          0         0          935     
   313         65          0         0          935     
   314         66          0         0          934     
   315         66          0         0          934     
   316         66          0         0          934     
   317         66          0         0          934     
   318         66          0         0          934     
   319         66          0         0          934     
   320         66          0         0          934     
   321         66          0         0          934     
   322         66          0         0          934     
   323         66          0         0          934     
   324         66          0         0          934     
   325         66          0         0          934     
   326         66          0         0          934     
   327         66          0         0          934     
   328         66          0         0          934     
   329         66          0         0          934     
   330         66          0         0          934     
   331         66          0         0          934     
   332         66          0         0          934     
   333         66          0         0          934     
   334         66          0         0          934     
   335         66          0         0          934     
   336         66          0         0          934     
   337         66          0         0          934     
   338         66          0         0          934     
   339         66          0         0          934     
   340         66          0         0          934     
   341         66          0         0          934     
   342         66          0         0          934     
   343         66          0         0          934     
   344         66          0         0          934     
   345         67          0         0          933     
   346         67          0         0          933     
   347         67          0         0          933     
   348         67          0         0          933     
   349         67          0         0          933     
   350         67          0         0          933     
   351         67          0         0          933     
   352         67          0         0          933     
   353         67          0         0          933     
   354         67          0         0          933     
   355         67          0         0          933     
   356         67          0         0          933     
   357         67          0         0          933     
   358         67          0         0          933     
   359         67          0         0          933     
   360         67          0         0          933     
   361         67          0         0          933     
   362         67          0         0          933     
   363         67          0         0          933     
   364         67          0         0          933     
   365         67          0         0          933     
   366         67          0         0          933     
   367         67          0         0          933     
   368         67          0         0          933     
   369         67          0         0          933     
   370         67          0         0          933     
   371         67          0         0          933     
   372         67          0         0          933     
   373         67          0         0          933     
   374         68          0         0          932     
   375         68          0         0          932     
   376         68          0         0          932     
   377         68          0         0          932     
   378         68          0         0          932     
   379         68          0         0          932     
   380         68          0         0          932     
   381         68          0         0          932     
   382         68          0         0          932     
   383         68          0         0          932     
   384         68          0         0          932     
   385         68          0         0          932     
   386         68          0         0          932     
   387         68          0         0          932     
   388         68          0         0          932     
   389         68          0         0          932     
   390         68          0         0          932     
   391         68          0         0          932     
   392         68          0         0          932     
   393         68          0         0          932     
   394         68          0         0          932     
   395         68          0         0          932     
   396         68          0         0          932     
   397         68          0         0          932     
   398         68          0         0          932     
   399         68          0         0          932     
   400         68          0         0          932     
   401         68          0         0          932     
   402         68          0         0          932     
   403         68          0         0          932     
   404         69          0         0          931     
   405         69          0         0          931     
   406         69          0         0          931     
   407         69          0         0          931     
   408         69          0         0          931     
   409         69          0         0          931     
   410         69          0         0          931     
   411         69          0         0          931     
   412         69          0         0          931     
   413         69          0         0          931     
   414         69          0         0          931     
   415         69          0         0          931     
   416         69          0         0          931     
   417         69          0         0          931     
   418         69          0         0          931     
   419         69          0         0          931     
   420         69          0         0          931     
   421         69          0         0          931     
   422         69          0         0          931     
   423         69          0         0          931     
   424         69          0         0          931     
   425         69          0         0          931     
   426         69          0         0          931     
   427         69          0         0          931     
   428         69          0         0          931     
   429         69          0         0          931     
   430         69          0         0          931     
   431         69          0         0          931     
   432         69          0         0          931     
   433         69          0         0          931     
   434         70          0         0          930     
   435         70          0         0          930     
   436         70          0         0          930     
   437         70          0         0          930     
   438         70          0         0          930     
   439         70          0         0          930     
   440         70          0         0          930     
   441         70          0         0          930     
   442         70          0         0          930     
   443         70          0         0          930     
   444         70          0         0          930     
   445         70          0         0          930     
   446         70          0         0          930     
   447         70          0         0          930     
   448         70          0         0          930     
   449         70          0         0          930     
   450         70          0         0          930     
   451         70          0         0          930     
   452         70          0         0          930     
   453         70          0         0          930     
   454         70          0         0          930     
   455         70          0         0          930     
   456         70          0         0          930     
   457         70          0         0          930     
   458         70          0         0          930     
   459         70          0         0          930     
   460         70          0         0          930     
   461         70          0         0          930     
   462         70          0         0          930     
   463         70          0         0          930     
   464         71          0         0          929     
   465         71          0         0          929     
   466         71          0         0          929     
   467         71          0         0          929     
   468         71          0         0          929     
   469         71          0         0          929     
   470         71          0         0          929     
   471         71          0         0          929     
   472         71          0         0          929     
   473         71          0         0          929     
   474         71          0         0          929     
   475         71          0         0          929     
   476         71          0         0          929     
   477         71          0         0          929     
   478         71          0         0          929     
   479         71          0         0          929     
   480         71          0         0          929     
   481         71          0         0          929     
   482         71          0         0          929     
   483         71          0         0          929     
   484         71          0         0          929     
   485         71          0         0          929     
   486         71          0         0          929     
   487         71          0         0          929     
   488         71          0         0          929     
   489         71          0         0          929     
   490         71          0         0          929     
   491         71          0         0          929     
   492         71          0         0          929     
   493         71          0         0          929     
   494         72          0         0          928     
   495         72          0         0          928     
   496         72          0         0          928     
   497         72          0         0          928     
   498         72          0         0          928     
   499         72          0         0          928     
   500         72          0         0          928     
   501         72          0         0          928     
   502         72          0         0          928     
   503         72          0         0          928     
   504         72          0         0          928     
   505         72          0         0          928     
   506         72          0         0          928     
   507         72          0         0          928     
   508         72          0         0          928     
   509         72          0         0          928     
   510         72          0         0          928     
   511         72          0         0          928     
   512         72          0         0          928     
   513         72          0         0          928     
   514         72          0         0          928     
   515         72          0         0          928     
   516         72          0         0          928     
   517         72          0         0          928     
   518         72          0         0          928     
   519         72          0         0          928     
   520         72          0         0          928     
   521         72          0         0          928     
   522         72          0         0          928     
   523         72          0         0          928     
   524         73          0         0          927     
   525         73          0         0          927     
   526         73          0         0          927     
   527         73          0         0          927     
   528         73          0         0          927     
   529         73          0         0          927     
   530         73          0         0          927     
   531         73          0         0          927     
   532         73          0         0          927     
   533         73          0         0          927     
   534         73          0         0          927     
   535         73          0         0          927     
   536         73          0         0          927     
   537         73          0         0          927     
   538         73          0         0          927     
   539         73          0         0          927     
   540         73          0         0          927     
   541         73          0         0          927     
   542         73          0         0          927     
   543         73          0         0          927     
   544         73          0         0          927     
   545         73          0         0          927     
   546         73          0         0          927     
   547         73          0         0          927     
   548         73          0         0          927     
   549         73          0         0          927     
   550         73          0         0          927     
   551         73          0         0          927     
   552         73          0         0          927     
   553         73          0         0          927     
   554         74          0         0          926     
   555         74          0         0          926     
   556         74          0         0          926     
   557         74          0         0          926     
   558         74          0         0          926     
   559         74          0         0          926     
   560         74          0         0          926     
   561         74          0         0          926     
   562         74          0         0          926     
   563         74          0         0          926     
   564         74          0         0          926     
   565         74          0         0          926     
   566         74          0         0          926     
   567         74          0         0          926     
   568         74          0         0          926     
   569         74          0         0          926     
   570         74          0         0          926     
   571         74          0         0          926     
   572         74          0         0          926     
   573         74          0         0          926     
   574         74          0         0          926     
   575         74          0         0          926     
   576         74          0         0          926     
   577         74          0         0          926     
   578         74          0         0          926     
   579         74          0         0          926     
   580         74          0         0          926     
   581         74          0         0          926     
   582         74          0         0          926     
   583         74          0         0          926     
   584         75          0         0          925     
   585         75          0         0          925     
   586         75          0         0          925     
   587         75          0         0          925     
   588         75          0         0          925     
   589         75          0         0          925     
   590         75          0         0          925     
   591         75          0         0          925     
   592         75          0         0          925     
   593         75          0         0          925     
   594         75          0         0          925     
   595         75          0         0          925     
   596         75          0         0          925     
   597         75          0         0          925     
   598         75          0         0          925     
   599         75          0         0          925     
   600         75          0         0          925     
   601         75          0         0          925     
   602         75          0         0          925     
   603         75          0         0          925     
   604         75          0         0          925     
   605         75          0         0          925     
   606         75          0         0          925     
   607         75          0         0          925     
   608         75          0         0          925     
   609         75          0         0          925     
   610         75          0         0          925     
   611         75          0         0          925     
   612         75          0         0          925     
   613         75          0         0          925     
   614         76          0         0          924     
   615         76          0         0          924     
   616         76          0         0          924     
   617         76          0         0          924     
   618         76          0         0          924     
   619         76          0         0          924     
   620         76          0         0          924     
   621         76          0         0          924     
   622         76          0         0          924     
   623         76          0         0          924     
   624         76          0         0          924     
   625         76          0         0          924     
   626         76          0         0          924     
   627         76          0         0          924     
   628         76          0         0          924     
   629         76          0         0          924     
   630         76          0         0          924     
   631         76          0         0          924     
   632         76          0         0          924     
   633         76          0         0          924     
   634         76          0         0          924     
   635         76          0         0          924     
   636         76          0         0          924     
   637         76          0         0          924     
   638         76          0         0          924     
   639         76          0         0          924     
   640         76          0         0          924     
   641         76          0         0          924     
   642         76          0         0          924     
   643         76          0         0          924     
   644         77          0         0          923     
   645         77          0         0          923     
   646         77          0         0          923     
   647         77          0         0          923     
   648         77          0         0          923     
   649         77          0         0          923     
   650         77          0         0          923     
   651         77          0         0          923     
   652         77          0         0          923     
   653         77          0         0          923     
   654         77          0         0          923     
   655         77          0         0          923     
   656         77          0         0          923     
   657         77          0         0          923     
   658         77          0         0          923     
   659         77          0         0          923     
   660         77          0         0          923     
   661         77          0         0          923     
   662         77          0         0          923     
   663         77          0         0          923     
   664         77          0         0          923     
   665         77          0         0          923     
   666         77          0         0          923     
   667         77          0         0          923     
   668         77          0         0          923     
   669         77          0         0          923     
   670         77          0         0          923     
   671         77          0         0          923     
   672         77          0         0          923     
   673         77          0         0          923     
   674         78          0         0          922     
   675         78          0         0          922     
   676         78          0         0          922     
   677         78          0         0          922     
   678         78          0         0          922     
   679         78          0         0          922     
   680         78          0         0          922     
   681         78          0         0          922     
   682         78          0         0          922     
   683         78          0         0          922     
   684         78          0         0          922     
   685         78          0         0          922     
   686         78          0         0          922     
   687         78          0         0          922     
   688         78          0         0          922     
   689         78          0         0          922     
   690         78          0         0          922     
   691         78          0         0          922     
   692         78          0         0          922     
   693         78          0         0          922     
   694         78          0         0          922     
   695         78          0         0          922     
   696         78          0         0          922     
   697         78          0         0          922     
   698         78          0         0          922     
   699         78          0         0          922     
   700         78          0         0          922     
   701         78          0         0          922     
   702         78          0         0          922     
   703         78          0         0          922     
   704         79          0         0          921     
   705         79          0         0          921     
   706         79          0         0          921     
   707         79          0         0          921     
   708         79          0         0          921     
   709         79          0         0          921     
   710         79          0         0          921     
   711         79          0         0          921     
   712         79          0         0          921     
   713         79          0         0          921     
   714         79          0         0          921     
   715         79          0         0          921     
   716         79          0         0          921     
   717         79          0         0          921     
   718         79          0         0          921     
   719         79          0         0          921     
   720         79          0         0          921     
   721         79          0         0          921     
   722         79          0         0          921     
   723         79          0         0          921     
   724         79          0         0          921     
   725         79          0         0          921     
   726         79          0         0          921     
   727         79          0         0          921     
   728         79          0         0          921     
   729         79          0         0          921     
   730         79          0         0          921     
   731         79          0         0          921     
   732         79          0         0          921     
   733         79          0         0          921     
   734         80          0         0          920     
   735         80          0         0          920     
   736         80          0         0          920     
   737         80          0         0          920     
   738         80          0         0          920     
   739         80          0         0          920     
   740         80          0         0          920     
   741         80          0         0          920     
   742         80          0         0          920     
   743         80          0         0          920     
   744         80          0         0          920     
   745         80          0         0          920     
   746         80          0         0          920     
   747         80          0         0          920     
   748         80          0         0          920     
   749         80          0         0          920     
   750         80          0         0          920     
   751         80          0         0          920     
   752         80          0         0          920     
   753         80          0         0          920     
   754         80          0         0          920     
   755         80          0         0          920     
   756         80          0         0          920     
   757         80          0         0          920     
   758         80          0         0          920     
   759         80          0         0          920     
   760         80          0         0          920     
   761         80          0         0          920     
   762         80          0         0          920     
   763         80          0         0          920     
   764         81          0         0          919     
   765         81          0         0          919     
   766         81          0         0          919     
   767         81          0         0          919     
   768         81          0         0          919     
   769         81          0         0          919     
   770         81          0         0          919     
   771         81          0         0          919     
   772         81          0         0          919     
   773         81          0         0          919     
   774         81          0         0          919     
   775         81          0         0          919     
   776         81          0         0          919     
   777         81          0         0          919     
   778         81          0         0          919     
   779         81          0         0          919     
   780         81          0         0          919     
   781         81          0         0          919     
   782         81          0         0          919     
   783         81          0         0          919     
   784         81          0         0          919     
   785         81          0         0          919     
   786         81          0         0          919     
   787         81          0         0          919     
   788         81          0         0          919     
   789         81          0         0          919     
   790         81          0         0          919     
   791         81          0         0          919     
   792         81          0         0          919     
   793         81          0         0          919     
   794         81          0         0          919     
   795         82          0         0          918     
   796         82          0         0          918     
   797         82          0         0          918     
   798         82          0         0          918     
   799         82          0         0          918     
   800         82          0         0          918     
   801         82          0         0          918     
   802         82          0         0          918     
   803         82          0         0          918     
   804         82          0         0          918     
   805         82          0         0          918     
   806         82          0         0          918     
   807         82          0         0          918     
   808         82          0         0          918     
   809         82          0         0          918     
   810         82          0         0          918     
   811         82          0         0          918     
   812         82          0         0          918     
   813         82          0         0          918     
   814         82          0         0          918     
   815         82          0         0          918     
   816         82          0         0          918     
   817         82          0         0          918     
   818         82          0         0          918     
   819         82          0         0          918     
   820         82          0         0          918     
   821         82          0         0          918     
   822         82          0         0          918     
   823         82          0         0          918     
   824         82          0         0          918     
   825         83          0         0          917     
   826         83          0         0          917     
   827         83          0         0          917     
   828         83          0         0          917     
   829         83          0         0          917     
   830         83          0         0          917     
   831         83          0         0          917     
   832         83          0         0          917     
   833         83          0         0          917     
   834         83          0         0          917     
   835         83          0         0          917     
   836         83          0         0          917     
   837         83          0         0          917     
   838         83          0         0          917     
   839         83          0         0          917     
   840         83          0         0          917     
   841         83          0         0          917     
   842         83          0         0          917     
   843         83          0         0          917     
   844         83          0         0          917     
   845         83          0         0          917     
   846         83          0         0          917     
   847         83          0         0          917     
   848         83          0         0          917     
   849         83          0         0          917     
   850         83          0         0          917     
   851         83          0         0          917     
   852         83          0         0          917     
   853         83          0         0          917     
   854         83          0         0          917     
   855         84          0         0          916     
   856         84          0         0          916     
   857         84          0         0          916     
   858         84          0         0          916     
   859         84          0         0          916     
   860         84          0         0          916     
   861         84          0         0          916     
   862         84          0         0          916     
   863         84          0         0          916     
   864         84          0         0          916     
   865         84          0         0          916     
   866         84          0         0          916     
   867         84          0         0          916     
   868         84          0         0          916     
   869         84          0         0          916     
   870         84          0         0          916     
   871         84          0         0          916     
   872         84          0         0          916     
   873         84          0         0          916     
   874         84          0         0          916     
   875         84          0         0          916     
   876         84          0         0          916     
   877         84          0         0          916     
   878         84          0         0          916     
   879         84          0         0          916     
   880         84          0         0          916     
   881         84          0         0          916     
   882         84          0         0          916     
   883         84          0         0          916     
   884         84          0         0          916     
   885         85          0         0          915     
   886         85          0         0          915     
   887         85          0         0          915     
   888         85          0         0          915     
   889         85          0         0          915     
   890         85          0         0          915     
   891         85          0         0          915     
   892         85          0         0          915     
   893         85          0         0          915     
   894         85          0         0          915     
   895         85          0         0          915     
   896         85          0         0          915     
   897         85          0         0          915     
   898         85          0         0          915     
   899         85          0         0          915     
   900         85          0         0          915     
   901         85          0         0          915     
   902         85          0         0          915     
   903         85          0         0          915     
   904         85          0         0          915     
   905         85          0         0          915     
   906         85          0         0          915     
   907         85          0         0          915     
   908         85          0         0          915     
   909         85          0         0          915     
   910         85          0         0          915     
   911         85          0         0          915     
   912         85          0         0          915     
   913         85          0         0          915     
   914         85          0         0          915     
   915         85          0         0          915     
   916         86          0         0          914     
   917         86          0         0          914     
   918         86          0         0          914     
   919         86          0         0          914     
   920         86          0         0          914     
   921         86          0         0          914     
   922         86          0         0          914     
   923         86          0         0          914     
   924         86          0         0          914     
   925         86          0         0          914     
   926         86          0         0          914     
   927         86          0         0          914     
   928         86          0         0          914     
   929         86          0         0          914     
   930         86          0         0          914     
   931         86          0         0          914     
   932         86          0         0          914     
   933         86          0         0          914     
   934         86          0         0          914     
   935         86          0         0          914     
   936         86          0         0          914     
   937         86          0         0          914     
   938         86          0         0          914     
   939         86          0         0          914     
   940         86          0         0          914     
   941         86          0         0          914     
   942         86          0         0          914     
   943         86          0         0          914     
   944         86          0         0          914     
   945         86          0         0          914     
   946         87          0         0          913     
   947         87          0         0          913     
   948         87          0         0          913     
   949         87          0         0          913     
   950         87          0         0          913     
   951         87          0         0          913     
   952         87          0         0          913     
   953         87          0         0          913     
   954         87          0         0          913     
   955         87          0         0          913     
   956         87          0         0          913     
   957         87          0         0          913     
   958         87          0         0          913     
   959         87          0         0          913     
   960         87          0         0          913     
   961         87          0         0          913     
   962         87          0         0          913     
   963         87          0         0          913     
   964         87          0         0          913     
   965         87          0         0          913     
   966         87          0         0          913     
   967         87          0         0          913     
   968         87          0         0          913     
   969         87          0         0          913     
   970         87          0         0          913     
   971         87          0         0          913     
   972         87          0         0          913     
   973         87          0         0          913     
   974         87          0         0          913     
   975         87          0         0          913     
   976         87          0         0          913     
   977         88          0         0          912     
   978         88          0         0          912     
   979         88          0         0          912     
   980         88          0         0          912     
   981         88          0         0          912     
   982         88          0         0          912     
   983         88          0         0          912     
   984         88          0         0          912     
   985         88          0         0          912     
   986         88          0         0          912     
   987         88          0         0          912     
   988         88          0         0          912     
   989         88          0         0          912     
   990         88          0         0          912     
   991         88          0         0          912     
   992         88          0         0          912     
   993         88          0         0          912     
   994         88          0         0          912     
   995         88          0         0          912     
   996         88          0         0          912     
   997         88          0         0          912     
   998         88          0         0          912     
   999         88          0         0          912     
